F1 Peri-sweep ethanol (F1A) and COM speed (F1B)
Source: data/stats.json keys F1A_peri_eth, F1B_peri_vcom
Window (peri): [-1.0, 1.0] s, grid_dt=0.05 s
n_sweeps=21841  n_trials=105

F1A grid_s, mean, ci_lo, ci_hi (baseline-sub ethanol, a.u.):
  -1.00  0.043086  0.036598  0.050102
  -0.95  0.042556  0.036194  0.049544
  -0.90  0.043692  0.037484  0.050554
  -0.85  0.042997  0.036705  0.050071
  -0.80  0.041800  0.035719  0.048342
  -0.75  0.042377  0.036227  0.049173
  -0.70  0.043571  0.037014  0.050430
  -0.65  0.043759  0.037396  0.050841
  -0.60  0.044441  0.038063  0.051709
  -0.55  0.043091  0.036640  0.050162
  -0.50  0.041876  0.035706  0.048647
  -0.45  0.042798  0.036550  0.050127
  -0.40  0.043204  0.036929  0.050250
  -0.35  0.043753  0.037162  0.050923
  -0.30  0.044410  0.037745  0.051595
  -0.25  0.045540  0.038972  0.052595
  -0.20  0.045276  0.038583  0.052329
  -0.15  0.044087  0.037590  0.050865
  -0.10  0.044609  0.037975  0.051591
  -0.05  0.044096  0.037486  0.051009
  +0.00  0.044068  0.037633  0.051006
  +0.05  0.043776  0.037186  0.051083
  +0.10  0.044131  0.037727  0.051026
  +0.15  0.042686  0.036510  0.049316
  +0.20  0.043574  0.037387  0.050233
  +0.25  0.043289  0.037073  0.050024
  +0.30  0.043064  0.037001  0.049566
  +0.35  0.043842  0.037694  0.050530
  +0.40  0.043192  0.036654  0.050385
  +0.45  0.043408  0.037040  0.050591
  +0.50  0.044667  0.038075  0.051903
  +0.55  0.043717  0.037557  0.050500
  +0.60  0.043993  0.037583  0.050950
  +0.65  0.042714  0.036523  0.049498
  +0.70  0.043153  0.036619  0.050326
  +0.75  0.043735  0.037440  0.050805
  +0.80  0.044101  0.037406  0.051258
  +0.85  0.044573  0.037735  0.051971
  +0.90  0.044396  0.037738  0.051779
  +0.95  0.045036  0.038510  0.052453
  +1.00  0.043382  0.036993  0.050331

F1B grid_s, mean, ci_lo, ci_hi (v_com, px/s):
  -1.00  34.9116  32.0053  38.1850
  -0.95  33.9513  31.3338  36.9631
  -0.90  34.9101  31.7921  38.9660
  -0.85  34.9803  31.8177  39.1827
  -0.80  33.8060  31.1793  36.6895
  -0.75  33.7406  31.0629  36.7289
  -0.70  32.9040  30.3490  35.8033
  -0.65  33.2571  30.3681  36.6129
  -0.60  32.4723  30.0677  35.0368
  -0.55  33.2617  30.2382  37.1824
  -0.50  32.4031  29.7167  36.0667
  -0.45  30.9585  29.0036  33.0626
  -0.40  30.5663  28.3142  33.1813
  -0.35  30.7759  28.3309  33.6301
  -0.30  30.9160  28.4525  33.8563
  -0.25  31.3967  28.8751  34.4496
  -0.20  31.0764  28.5660  34.0188
  -0.15  29.2755  26.9186  31.9463
  -0.10  28.5546  26.3910  30.8228
  -0.05  25.9366  24.3357  27.5740
  +0.00  10.7644  9.6832  12.0099
  +0.05  27.7477  25.5065  30.7583
  +0.10  30.1091  27.8011  33.1843
  +0.15  29.3399  27.7509  31.0380
  +0.20  30.9819  28.9722  32.9858
  +0.25  31.2904  29.3105  33.4035
  +0.30  30.7201  28.7320  32.7636
  +0.35  30.2505  28.4512  32.1081
  +0.40  31.7293  29.2506  35.0460
  +0.45  32.5068  29.8262  35.9583
  +0.50  32.7078  30.2670  35.3680
  +0.55  32.8185  30.4864  35.2133
  +0.60  32.6268  30.3267  34.8652
  +0.65  33.0061  30.5628  35.5233
  +0.70  32.5393  30.2280  34.9194
  +0.75  33.1942  30.6659  35.8255
  +0.80  34.6474  31.5065  38.3526
  +0.85  34.9628  31.5872  39.3538
  +0.90  35.0472  32.0588  38.4784
  +0.95  34.6662  31.8441  37.8578
  +1.00  34.8138  31.9682  38.0997
